48
51
54
57
60
64
68
72
76
80
85
90
95
100
105
111
117
123
129
135
142
149
156
163
170
178
186
194
202
210
219
228
237
246
255
265
275
285
295
305
316
327
338
349
360
372
384
396
408
420
433
446
459
472
485
499
513
527
541
555
570
585
600
615
630
646
662
678
694
710
727
744
761
778
795
813
831
849
867
885
904
923
942
961
980
1000
1020
1040
1060
1080
1101
1122
1143
1164
1185
1207
1229
1251
1273
1295
1318
1341
1364
1387
1410
1433
1456
1479
1502
1525
1549
1573
1597
1621
1645
1669
1693
1717
1741
1765
1790
1815
1840
1865
1890
1915
1940
1965
1990
2015
2041
2067
2093
2119
2145
2171
2197
2223
2249
2275
2302
2329
2356
2383
2410
2437
2464
2491
2518
2545
2573
2601
2629
2657
2685
2713
2741
2770
2799
2828
2857
2886
2915
2944
2974
3004
3034
3064
3094
3124
3154
3185
3216
3247
3278
3295
3325
3355
3385
3415
3446
3477
3508
3539
3570
3610  
4007  
4404  
4801  
5198  
5595  
5992  
6389  
6786  
7183  
7580  
7977  
8374  
8771  
9168  
9565  
9962  
10359 
10756 
11153 
11550 
11947 
12344 
12741 
13138 
13535 
13932 
14329 
14726 
15123 
15520 
15917 
16314 
16711 
17108 
17505 
17902 
18299 
18696 
19093 
19490 
19887 
20284 
20681 
21078 
21475 
21872 
22269 
22666 
23063 
23460 
23857 
24254 
24651 
25048 
25445 
25842 
26239 
26636 
27033 
27430 
27827 
28224 
28621 
29018 
29415 
29812 
30209 
30606 
31003 
31400 
31797 
32194 
32591 
32988 
33385 
33782 
34179 
34576 
34973 
35370 
35767 
36164 
36561 
36958 
37355 
37752 
38149 
38546 
38943 
39340 
39737 
40134 
40531 
40928 
41325 
41722 
42119 
42516 
42913 
43310 
43707 
44104 
44501 
44898 
45295 
45692 
46089 
46486 
46883 
47280 
47677 
48074 
48471 
48868 
49265 
49662 
50059 
50456 
50853 
51250 
51647 
52044 
52441 
52838 
53235 
53632 
54029 
54426 
54823 
55220 
55617 
56014 
56411 
56808 
57205 
57602 
57999 
58396 
58793 
59190 
59587 
59984 
60381 
60778 
61175 
61572 
61969 
62366 
62763 
63160 
63557 
63954 
64351 
64748 
65145 
65542 
65939 
66336 
66733 
67130 
67527 
67924 
68321 
68718 
69115 
69512 
69909 
70306 
70703 
71100 
71497 
71894 
72291 
72688 
73085 
73482 
73879 
74276 
74673 
75070 
75467 
75864 
76261 
76658 
77055 
77452 
77849 
78246 
78643 
79040 
79437 
79834 
80231 
80628 
81025 
81422 
81819 
82216 
82613 
83010 
83407 
83804 
84201 
84598 
84995 
85392 
85789 
86186 
86583 
86980 
87377 
87774 
88171 
88568 
88965 
89362 
89759 
90156 
90553 
90950 
91347 
91744 
92141 
92538 
92935 
93332 
93729 
94126 
94523 
94920 
95317 
95714 
96111 
96508 
96905 
97302 
97699 
98096 
98493 
98890 
99287 
99684 
100081
100478
100875
100925
101330
101735
102140
102545
102950
103355
103760
104165
104570
104975
105380
105785
106190
106595
107000
107405
107810
108215
108620
109025
109430
109835
110240
110645
111050
111455
111860
112265
112670
113075
113480
113885
114290
114695
115100
115505
115910
116315
116720
117125
117530
117935
118340
118745
119150
119555
119960
120365
120770
121175
121580
121985
122390
122795
123200
123605
124010
124415
124820
125225
125630
126035
126440
126845
127250
127655
128060
128465
128870
129275
129680
130085
130490
130895
131300
131705
132110
132515
132920
133325
133730
134135
134540
134945
135350
135755
136160
136565
136970
137375
137780
138185
138590
138995
139400
139805
140210
140615
141020
141425
141830
142235
142640
143045
143450
143855
144260
144665
145070
145475
145880
146285
146690
147095
147500
147905
148310
148715
149120